Matrix 2:
0 -2 -8 -18 -32 
3 1 -5 -15 -29 
12 10 4 -6 -20 
27 25 19 9 -5 
48 46 40 30 16 
Matrix 3:
0 -2 -16 -54 -128 
3 1 -13 -51 -125 
24 22 8 -30 -104 
81 79 65 27 -47 
192 190 176 138 64 
Matrix 1:
0 -2 -4 -6 -8 
3 1 -1 -3 -5 
6 4 2 0 -2 
9 7 5 3 1 
12 10 8 6 4 
Matrix 5:
0 -2 -64 -486 -2048 
3 1 -61 -483 -2045 
96 94 32 -390 -1952 
729 727 665 243 -1319 
3072 3070 3008 2586 1024 
Matrix 4:
0 -2 -32 -162 -512 
3 1 -29 -159 -509 
48 46 16 -114 -464 
243 241 211 81 -269 
768 766 736 606 256 
Matrix 6:
0 -2 -128 -1458 -8192 
3 1 -125 -1455 -8189 
192 190 64 -1266 -8000 
2187 2185 2059 729 -6005 
12288 12286 12160 10830 4096 
